0.0351
-0.3471 0.6006 -0.7210 0.0000
-0.1397 -0.7921 -0.5923 0.0000
-0.9276 -0.1042 0.3596 0.0000
0.0000 0.0000 0.0000 1.0000
